303042565
303042566
303042569
303042570
303042573
303042574
303042577
303042578
303042581
303042582
303042585
303042586
303042589
303042590
303042593
303042594
303042597
303042598
303046661
303046662
303046665
303046666
303046669
303046670
303046673
303046674
303046677
303046678
303046681
303046682
303046685
303046686
303046689
303046690
303046693
303046694
303050757
303050758
303050761
303050762
303050765
303050766
303050769
303050770
303050773
303050774
303050777
303050778
303050781
303050782
303050785
303050786
303050789
303050790
303054853
303054854
303054857
303054858
303054861
303054862
303054865
303054866
303054869
303054870
303054873
303054874
303054877
303054878
303054881
303054882
303054885
303054886
303058949
303058950
303058953
303058954
303058957
303058958
303058961
303058962
303058965
303058966
303058969
303058970
303058973
303058974
303058977
303058978
303058981
303058982
303063045
303063046
303063049
303063050
303063053
303063054
303063057
303063058
303063061
303063062
303063065
303063066
303063069
303063070
303063073
303063074
303063077
303063078
303067141
303067142
303067145
303067146
303067149
303067150
303067153
303067154
303067157
303067158
303067161
303067162
303067165
303067166
303067169
303067170
303067173
303067174
303071237
303071238
303071241
303071242
303071245
303071246
303071249
303071250
303071253
303071254
303071257
303071258
303071261
303071262
303071265
303071266
303071269
303071270
303075333
303075334
303075337
303075338
303075341
303075342
303075345
303075346
303075349
303075350
303075353
303075354
303075357
303075358
303075361
303075362
303075365
303075366
303079429
303079430
303079433
303079434
303079437
303079438
303079441
303079442
303079445
303079446
303079449
303079450
303079453
303079454
303079457
303079458
303079461
303079462
303083525
303083526
303083529
303083530
303083533
303083534
303083537
303083538
303083541
303083542
303083545
303083546
303083549
303083550
303083553
303083554
303083557
303083558
303087621
303087622
303087625
303087626
303087629
303087630
303087633
303087634
303087637
303087638
303087641
303087642
303087645
303087646
303087649
303087650
303087653
303087654
304091140
304091144
304091148
304091152
304091156
304091160
304091164
304091168
304091172
304095236
304095240
304095244
304095248
304095252
304095256
304095260
304095264
304095268
304099332
304099336
304099340
304099344
304099348
304099352
304099356
304099360
304099364
304103428
304103432
304103436
304103440
304103444
304103448
304103452
304103456
304103460
304107524
304107528
304107532
304107536
304107540
304107544
304107548
304107552
304107556
304111620
304111624
304111628
304111632
304111636
304111640
304111644
304111648
304111652
304115716
304115720
304115724
304115728
304115732
304115736
304115740
304115744
304115748
304119812
304119816
304119820
304119824
304119828
304119832
304119836
304119840
304119844
304123908
304123912
304123916
304123920
304123924
304123928
304123932
304123936
304123940
304128004
304128008
304128012
304128016
304128020
304128024
304128028
304128032
304128036
304132100
304132104
304132108
304132112
304132116
304132120
304132124
304132128
304132132
304136196
304136200
304136204
304136208
304136212
304136216
304136220
304136224
304136228
304140292
304140296
304140300
304140304
304140308
304140312
304140316
304140320
304140324
304144388
304144392
304144396
304144400
304144404
304144408
304144412
304144416
304144420
304148484
304148488
304148492
304148496
304148500
304148504
304148508
304148512
304148516
304152580
304152584
304152588
304152592
304152596
304152600
304152604
304152608
304152612
304156676
304156680
304156684
304156688
304156692
304156696
304156700
304156704
304156708
304160772
304160776
304160780
304160784
304160788
304160792
304160796
304160800
304160804
304164868
304164872
304164876
304164880
304164884
304164888
304164892
304164896
304164900
304168964
304168968
304168972
304168976
304168980
304168984
304168988
304168992
304168996
304173060
304173064
304173068
304173072
304173076
304173080
304173084
304173088
304173092
304177156
304177160
304177164
304177168
304177172
304177176
304177180
304177184
304177188
304181252
304181256
304181260
304181264
304181268
304181272
304181276
304181280
304181284
304185348
304185352
304185356
304185360
304185364
304185368
304185372
304185376
304185380
305139716
305139720
305139724
305139728
305139732
305139736
305139740
305139744
305139748
305143812
305143816
305143820
305143824
305143828
305143832
305143836
305143840
305143844
305147908
305147912
305147916
305147920
305147924
305147928
305147932
305147936
305147940
305152004
305152008
305152012
305152016
305152020
305152024
305152028
305152032
305152036
305156100
305156104
305156108
305156112
305156116
305156120
305156124
305156128
305156132
305160196
305160200
305160204
305160208
305160212
305160216
305160220
305160224
305160228
305164292
305164296
305164300
305164304
305164308
305164312
305164316
305164320
305164324
305168388
305168392
305168396
305168400
305168404
305168408
305168412
305168416
305168420
305172484
305172488
305172492
305172496
305172500
305172504
305172508
305172512
305172516
305176580
305176584
305176588
305176592
305176596
305176600
305176604
305176608
305176612
305180676
305180680
305180684
305180688
305180692
305180696
305180700
305180704
305180708
305184772
305184776
305184780
305184784
305184788
305184792
305184796
305184800
305184804
305188868
305188872
305188876
305188880
305188884
305188888
305188892
305188896
305188900
305192964
305192968
305192972
305192976
305192980
305192984
305192988
305192992
305192996
305197060
305197064
305197068
305197072
305197076
305197080
305197084
305197088
305197092
305201156
305201160
305201164
305201168
305201172
305201176
305201180
305201184
305201188
305205252
305205256
305205260
305205264
305205268
305205272
305205276
305205280
305205284
305209348
305209352
305209356
305209360
305209364
305209368
305209372
305209376
305209380
305213444
305213448
305213452
305213456
305213460
305213464
305213468
305213472
305213476
305217540
305217544
305217548
305217552
305217556
305217560
305217564
305217568
305217572
306188292
306188296
306188300
306188304
306188308
306188312
306188316
306188320
306188324
306192388
306192392
306192396
306192400
306192404
306192408
306192412
306192416
306192420
306196484
306196488
306196492
306196496
306196500
306196504
306196508
306196512
306196516
306200580
306200584
306200588
306200592
306200596
306200600
306200604
306200608
306200612
306204676
306204680
306204684
306204688
306204692
306204696
306204700
306204704
306204708
306208772
306208776
306208780
306208784
306208788
306208792
306208796
306208800
306208804
306212868
306212872
306212876
306212880
306212884
306212888
306212892
306212896
306212900
306216964
306216968
306216972
306216976
306216980
306216984
306216988
306216992
306216996
306221060
306221064
306221068
306221072
306221076
306221080
306221084
306221088
306221092
306225156
306225160
306225164
306225168
306225172
306225176
306225180
306225184
306225188
306229252
306229256
306229260
306229264
306229268
306229272
306229276
306229280
306229284
306233348
306233352
306233356
306233360
306233364
306233368
306233372
306233376
306233380
306237444
306237448
306237452
306237456
306237460
306237464
306237468
306237472
306237476
306241540
306241544
306241548
306241552
306241556
306241560
306241564
306241568
306241572
306245636
306245640
306245644
306245648
306245652
306245656
306245660
306245664
306245668
306249732
306249736
306249740
306249744
306249748
306249752
306249756
306249760
306249764
306253828
306253832
306253836
306253840
306253844
306253848
306253852
306253856
306253860
306257924
306257928
306257932
306257936
306257940
306257944
306257948
306257952
306257956
306262020
306262024
306262028
306262032
306262036
306262040
306262044
306262048
306262052
306266116
306266120
306266124
306266128
306266132
306266136
306266140
306266144
306266148
306270212
306270216
306270220
306270224
306270228
306270232
306270236
306270240
306270244
306274308
306274312
306274316
306274320
306274324
306274328
306274332
306274336
306274340
306278404
306278408
306278412
306278416
306278420
306278424
306278428
306278432
306278436
306282500
306282504
306282508
306282512
306282516
306282520
306282524
306282528
306282532
306286596
306286600
306286604
306286608
306286612
306286616
306286620
306286624
306286628
306290692
306290696
306290700
306290704
306290708
306290712
306290716
306290720
306290724
306294788
306294792
306294796
306294800
306294804
306294808
306294812
306294816
306294820
306298884
306298888
306298892
306298896
306298900
306298904
306298908
306298912
306298916
344200196
344200200
344200204
344200208
344200212
344200216
344200220
344200224
344200228
344200232
344200236
344200240
344200244
344200248
344200252
344200256
344200260
344200264
344200268
344200272
344204292
344204296
344204300
344204304
344204308
344204312
344204316
344204320
344204324
344204328
344204332
344204336
344204340
344204344
344204348
344204352
344204356
344204360
344204364
344204368
344204372
344204376
344204380
344204384
344204388
344204392
344204396
344204400
344204404
344204408
344204412
344204416
344208388
344208392
344208396
344208400
344208404
344208408
344208412
344208416
344208420
344208424
344208428
344208432
344208436
344208440
344208444
344208448
344208452
344208456
344208460
344208464
344208468
344208472
344208476
344208480
344212484
344212488
344212492
344212496
344212500
344212504
344212508
344212512
344212516
344212520
344212524
344212528
344212532
344212536
344212540
344212544
344212548
344212552
344212556
344212560
344212564
344212568
344212572
344212576
344212580
344212584
344212588
344212592
344212596
344212600
344212604
344212608
344462340
344462344
344462348
344462352
344462356
344462360
344462364
344462368
344462372
344462376
344462380
344462384
344462388
344462392
344462396
344462400
344462404
344462408
344462412
344462416
344466436
344466440
344466444
344466448
344466452
344466456
344466460
344466464
344466468
344466472
344466476
344466480
344466484
344466488
344466492
344466496
344466500
344466504
344466508
344466512
344466516
344466520
344466524
344466528
344466532
344466536
344466540
344466544
344466548
344466552
344466556
344466560
344470532
344470536
344470540
344470544
344470548
344470552
344470556
344470560
344470564
344470568
344470572
344470576
344470580
344470584
344470588
344470592
344470596
344470600
344470604
344470608
344470612
344470616
344470620
344470624
344474628
344474632
344474636
344474640
344474644
344474648
344474652
344474656
344474660
344474664
344474668
344474672
344474676
344474680
344474684
344474688
344474692
344474696
344474700
344474704
344474708
344474712
344474716
344474720
344474724
344474728
344474732
344474736
344474740
344474744
344474748
344474752
344724484
344724488
344724492
344724496
344724500
344724504
344724508
344724512
344724516
344724520
344724524
344724528
344724532
344724536
344724540
344724544
344724548
344724552
344724556
344724560
344728580
344728584
344728588
344728592
344728596
344728600
344728604
344728608
344728612
344728616
344728620
344728624
344728628
344728632
344728636
344728640
344728644
344728648
344728652
344728656
344728660
344728664
344728668
344728672
344728676
344728680
344728684
344728688
344728692
344728696
344728700
344728704
344732676
344732680
344732684
344732688
344732692
344732696
344732700
344732704
344732708
344732712
344732716
344732720
344732724
344732728
344732732
344732736
344732740
344732744
344732748
344732752
344732756
344732760
344732764
344732768
344736772
344736776
344736780
344736784
344736788
344736792
344736796
344736800
344736804
344736808
344736812
344736816
344736820
344736824
344736828
344736832
344736836
344736840
344736844
344736848
344736852
344736856
344736860
344736864
344736868
344736872
344736876
344736880
344736884
344736888
344736892
344736896
344986628
344986632
344986636
344986640
344986644
344986648
344986652
344986656
344986660
344986664
344986668
344986672
344986676
344986680
344986684
344986688
344986692
344986696
344986700
344986704
344990724
344990728
344990732
344990736
344990740
344990744
344990748
344990752
344990756
344990760
344990764
344990768
344990772
344990776
344990780
344990784
344990788
344990792
344990796
344990800
344990804
344990808
344990812
344990816
344990820
344990824
344990828
344990832
344990836
344990840
344990844
344990848
344994820
344994824
344994828
344994832
344994836
344994840
344994844
344994848
344994852
344994856
344994860
344994864
344994868
344994872
344994876
344994880
344994884
344994888
344994892
344994896
344994900
344994904
344994908
344994912
344998916
344998920
344998924
344998928
344998932
344998936
344998940
344998944
344998948
344998952
344998956
344998960
344998964
344998968
344998972
344998976
344998980
344998984
344998988
344998992
344998996
344999000
344999004
344999008
344999012
344999016
344999020
344999024
344999028
344999032
344999036
344999040
345248772
345248776
345248780
345248784
345248788
345248792
345248796
345248800
345248804
345248808
345248812
345248816
345248820
345248824
345248828
345248832
345248836
345248840
345248844
345248848
345252868
345252872
345252876
345252880
345252884
345252888
345252892
345252896
345252900
345252904
345252908
345252912
345252916
345252920
345252924
345252928
345252932
345252936
345252940
345252944
345252948
345252952
345252956
345252960
345252964
345252968
345252972
345252976
345252980
345252984
345252988
345252992
345256964
345256968
345256972
345256976
345256980
345256984
345256988
345256992
345256996
345257000
345257004
345257008
345257012
345257016
345257020
345257024
345257028
345257032
345257036
345257040
345257044
345257048
345257052
345257056
345261060
345261064
345261068
345261072
345261076
345261080
345261084
345261088
345261092
345261096
345261100
345261104
345261108
345261112
345261116
345261120
345261124
345261128
345261132
345261136
345261140
345261144
345261148
345261152
345261156
345261160
345261164
345261168
345261172
345261176
345261180
345261184
345510916
345510920
345510924
345510928
345510932
345510936
345510940
345510944
345510948
345510952
345510956
345510960
345510964
345510968
345510972
345510976
345510980
345510984
345510988
345510992
345515012
345515016
345515020
345515024
345515028
345515032
345515036
345515040
345515044
345515048
345515052
345515056
345515060
345515064
345515068
345515072
345515076
345515080
345515084
345515088
345515092
345515096
345515100
345515104
345515108
345515112
345515116
345515120
345515124
345515128
345515132
345515136
345519108
345519112
345519116
345519120
345519124
345519128
345519132
345519136
345519140
345519144
345519148
345519152
345519156
345519160
345519164
345519168
345519172
345519176
345519180
345519184
345519188
345519192
345519196
345519200
345523204
345523208
345523212
345523216
345523220
345523224
345523228
345523232
345523236
345523240
345523244
345523248
345523252
345523256
345523260
345523264
345523268
345523272
345523276
345523280
345523284
345523288
345523292
345523296
345523300
345523304
345523308
345523312
345523316
345523320
345523324
345523328
345773060
345773064
345773068
345773072
345773076
345773080
345773084
345773088
345773092
345773096
345773100
345773104
345773108
345773112
345773116
345773120
345773124
345773128
345773132
345773136
345777156
345777160
345777164
345777168
345777172
345777176
345777180
345777184
345777188
345777192
345777196
345777200
345777204
345777208
345777212
345777216
345777220
345777224
345777228
345777232
345777236
345777240
345777244
345777248
345777252
345777256
345777260
345777264
345777268
345777272
345777276
345777280
345781252
345781256
345781260
345781264
345781268
345781272
345781276
345781280
345781284
345781288
345781292
345781296
345781300
345781304
345781308
345781312
345781316
345781320
345781324
345781328
345781332
345781336
345781340
345781344
345785348
345785352
345785356
345785360
345785364
345785368
345785372
345785376
345785380
345785384
345785388
345785392
345785396
345785400
345785404
345785408
345785412
345785416
345785420
345785424
345785428
345785432
345785436
345785440
345785444
345785448
345785452
345785456
345785460
345785464
345785468
345785472
346035204
346035208
346035212
346035216
346035220
346035224
346035228
346035232
346035236
346035240
346035244
346035248
346035252
346035256
346035260
346035264
346035268
346035272
346035276
346035280
346039300
346039304
346039308
346039312
346039316
346039320
346039324
346039328
346039332
346039336
346039340
346039344
346039348
346039352
346039356
346039360
346039364
346039368
346039372
346039376
346039380
346039384
346039388
346039392
346039396
346039400
346039404
346039408
346039412
346039416
346039420
346039424
346043396
346043400
346043404
346043408
346043412
346043416
346043420
346043424
346043428
346043432
346043436
346043440
346043444
346043448
346043452
346043456
346043460
346043464
346043468
346043472
346043476
346043480
346043484
346043488
346047492
346047496
346047500
346047504
346047508
346047512
346047516
346047520
346047524
346047528
346047532
346047536
346047540
346047544
346047548
346047552
346047556
346047560
346047564
346047568
346047572
346047576
346047580
346047584
346047588
346047592
346047596
346047600
346047604
346047608
346047612
346047616
346297348
346297352
346297356
346297360
346297364
346297368
346297372
346297376
346297380
346297384
346297388
346297392
346297396
346297400
346297404
346297408
346297412
346297416
346297420
346297424
346301444
346301448
346301452
346301456
346301460
346301464
346301468
346301472
346301476
346301480
346301484
346301488
346301492
346301496
346301500
346301504
346301508
346301512
346301516
346301520
346301524
346301528
346301532
346301536
346301540
346301544
346301548
346301552
346305540
346305544
346305548
346305552
346305556
346305560
346305564
346305568
346305572
346305576
346305580
346305584
346305588
346305592
346305596
346305600
346305604
346305608
346305612
346305616
346305620
346305624
346305628
346305632
346305636
346305640
346305644
346305648
346305652
346305656
346305660
346305664
346305668
346305672
346305676
346305680
346309636
346309640
346309644
346309648
346309652
346309656
346309660
346309664
346309668
346309672
346309676
346309680
346309684
346309688
346309692
346309696
346309700
346309704
346309708
346309712
346309716
346309720
346309724
346309728
346309732
346309736
346309740
346309744
346309748
346309752
346309756
346309760
346309764
346309768
346309772
346309776
346309780
346309784
346309788
346309792
346309796
346309800
346309804
346309808
346313732
346313736
346313740
346313744
346313748
346313752
346313756
346313760
346313764
346313768
346313772
346313776
346313780
346313784
346313788
346313792
346313796
346313800
346313804
346313808
346313812
346313816
346313820
346313824
346313828
346313832
346313836
346313840
346313844
346313848
346313852
346313856
346313860
346313864
346313868
346313872
346313876
346313880
346313884
346313888
346313892
346313896
346313900
346313904
346313908
346313912
346313916
346313920
346559492
346559496
346559500
346559504
346559508
346559512
346559516
346559520
346559524
346559528
346559532
346559536
346559540
346559544
346559548
346559552
346559556
346559560
346559564
346559568
346563588
346563592
346563596
346563600
346563604
346563608
346563612
346563616
346563620
346563624
346563628
346563632
346563636
346563640
346563644
346563648
346563652
346563656
346563660
346563664
346563668
346563672
346563676
346563680
346563684
346563688
346563692
346563696
346567684
346567688
346567692
346567696
346567700
346567704
346567708
346567712
346567716
346567720
346567724
346567728
346567732
346567736
346567740
346567744
346567748
346567752
346567756
346567760
346567764
346567768
346567772
346567776
346567780
346567784
346567788
346567792
346567796
346567800
346567804
346567808
346567812
346567816
346567820
346567824
346571780
346571784
346571788
346571792
346571796
346571800
346571804
346571808
346571812
346571816
346571820
346571824
346571828
346571832
346571836
346571840
346571844
346571848
346571852
346571856
346571860
346571864
346571868
346571872
346571876
346571880
346571884
346571888
346571892
346571896
346571900
346571904
346571908
346571912
346571916
346571920
346571924
346571928
346571932
346571936
346571940
346571944
346571948
346571952
346575876
346575880
346575884
346575888
346575892
346575896
346575900
346575904
346575908
346575912
346575916
346575920
346575924
346575928
346575932
346575936
346575940
346575944
346575948
346575952
346575956
346575960
346575964
346575968
346575972
346575976
346575980
346575984
346575988
346575992
346575996
346576000
346576004
346576008
346576012
346576016
346576020
346576024
346576028
346576032
346576036
346576040
346576044
346576048
346576052
346576056
346576060
346576064
346821636
346821640
346821644
346821648
346821652
346821656
346821660
346821664
346821668
346821672
346821676
346821680
346821684
346821688
346821692
346821696
346821700
346821704
346821708
346821712
346825732
346825736
346825740
346825744
346825748
346825752
346825756
346825760
346825764
346825768
346825772
346825776
346825780
346825784
346825788
346825792
346825796
346825800
346825804
346825808
346825812
346825816
346825820
346825824
346825828
346825832
346825836
346825840
346829828
346829832
346829836
346829840
346829844
346829848
346829852
346829856
346829860
346829864
346829868
346829872
346829876
346829880
346829884
346829888
346829892
346829896
346829900
346829904
346829908
346829912
346829916
346829920
346829924
346829928
346829932
346829936
346829940
346829944
346829948
346829952
346829956
346829960
346829964
346829968
346833924
346833928
346833932
346833936
346833940
346833944
346833948
346833952
346833956
346833960
346833964
346833968
346833972
346833976
346833980
346833984
346833988
346833992
346833996
346834000
346834004
346834008
346834012
346834016
346834020
346834024
346834028
346834032
346834036
346834040
346834044
346834048
346834052
346834056
346834060
346834064
346834068
346834072
346834076
346834080
346834084
346834088
346834092
346834096
346838020
346838024
346838028
346838032
346838036
346838040
346838044
346838048
346838052
346838056
346838060
346838064
346838068
346838072
346838076
346838080
346838084
346838088
346838092
346838096
346838100
346838104
346838108
346838112
346838116
346838120
346838124
346838128
346838132
346838136
346838140
346838144
346838148
346838152
346838156
346838160
346838164
346838168
346838172
346838176
346838180
346838184
346838188
346838192
346838196
346838200
346838204
346838208
347083780
347083784
347083788
347083792
347083796
347083800
347083804
347083808
347083812
347083816
347083820
347083824
347083828
347083832
347083836
347083840
347083844
347083848
347083852
347083856
347087876
347087880
347087884
347087888
347087892
347087896
347087900
347087904
347087908
347087912
347087916
347087920
347087924
347087928
347087932
347087936
347087940
347087944
347087948
347087952
347087956
347087960
347087964
347087968
347087972
347087976
347087980
347087984
347091972
347091976
347091980
347091984
347091988
347091992
347091996
347092000
347092004
347092008
347092012
347092016
347092020
347092024
347092028
347092032
347092036
347092040
347092044
347092048
347092052
347092056
347092060
347092064
347092068
347092072
347092076
347092080
347092084
347092088
347092092
347092096
347092100
347092104
347092108
347092112
347096068
347096072
347096076
347096080
347096084
347096088
347096092
347096096
347096100
347096104
347096108
347096112
347096116
347096120
347096124
347096128
347096132
347096136
347096140
347096144
347096148
347096152
347096156
347096160
347096164
347096168
347096172
347096176
347096180
347096184
347096188
347096192
347096196
347096200
347096204
347096208
347096212
347096216
347096220
347096224
347096228
347096232
347096236
347096240
347100164
347100168
347100172
347100176
347100180
347100184
347100188
347100192
347100196
347100200
347100204
347100208
347100212
347100216
347100220
347100224
347100228
347100232
347100236
347100240
347100244
347100248
347100252
347100256
347100260
347100264
347100268
347100272
347100276
347100280
347100284
347100288
347100292
347100296
347100300
347100304
347100308
347100312
347100316
347100320
347100324
347100328
347100332
347100336
347100340
347100344
347100348
347100352
352588804
352588808
352588812
352588816
352588820
352588824
352588828
352588832
352588836
352588840
352588844
352588848
352588852
352588856
352588860
352588864
352588868
352588872
352588876
352588880
352592900
352592904
352592908
352592912
352592916
352592920
352592924
352592928
352592932
352592936
352592940
352592944
352592948
352592952
352592956
352592960
352592964
352592968
352592972
352592976
352592980
352592984
352592988
352592992
352592996
352593000
352593004
352593008
352593012
352593016
352593020
352593024
352596996
352597000
352597004
352597008
352597012
352597016
352597020
352597024
352597028
352597032
352597036
352597040
352597044
352597048
352597052
352597056
352597060
352597064
352597068
352597072
352597076
352597080
352597084
352597088
352601092
352601096
352601100
352601104
352601108
352601112
352601116
352601120
352601124
352601128
352601132
352601136
352601140
352601144
352601148
352601152
352601156
352601160
352601164
352601168
352601172
352601176
352601180
352601184
352601188
352601192
352601196
352601200
352601204
352601208
352601212
352601216
352850948
352850952
352850956
352850960
352850964
352850968
352850972
352850976
352850980
352850984
352850988
352850992
352850996
352851000
352851004
352851008
352851012
352851016
352851020
352851024
352855044
352855048
352855052
352855056
352855060
352855064
352855068
352855072
352855076
352855080
352855084
352855088
352855092
352855096
352855100
352855104
352855108
352855112
352855116
352855120
352855124
352855128
352855132
352855136
352855140
352855144
352855148
352855152
352855156
352855160
352855164
352855168
352859140
352859144
352859148
352859152
352859156
352859160
352859164
352859168
352859172
352859176
352859180
352859184
352859188
352859192
352859196
352859200
352859204
352859208
352859212
352859216
352859220
352859224
352859228
352859232
352863236
352863240
352863244
352863248
352863252
352863256
352863260
352863264
352863268
352863272
352863276
352863280
352863284
352863288
352863292
352863296
352863300
352863304
352863308
352863312
352863316
352863320
352863324
352863328
352863332
352863336
352863340
352863344
352863348
352863352
352863356
352863360
353113092
353113096
353113100
353113104
353113108
353113112
353113116
353113120
353113124
353113128
353113132
353113136
353113140
353113144
353113148
353113152
353113156
353113160
353113164
353113168
353117188
353117192
353117196
353117200
353117204
353117208
353117212
353117216
353117220
353117224
353117228
353117232
353117236
353117240
353117244
353117248
353117252
353117256
353117260
353117264
353117268
353117272
353117276
353117280
353117284
353117288
353117292
353117296
353117300
353117304
353117308
353117312
353121284
353121288
353121292
353121296
353121300
353121304
353121308
353121312
353121316
353121320
353121324
353121328
353121332
353121336
353121340
353121344
353121348
353121352
353121356
353121360
353121364
353121368
353121372
353121376
353125380
353125384
353125388
353125392
353125396
353125400
353125404
353125408
353125412
353125416
353125420
353125424
353125428
353125432
353125436
353125440
353125444
353125448
353125452
353125456
353125460
353125464
353125468
353125472
353125476
353125480
353125484
353125488
353125492
353125496
353125500
353125504
353375236
353375240
353375244
353375248
353375252
353375256
353375260
353375264
353375268
353375272
353375276
353375280
353375284
353375288
353375292
353375296
353375300
353375304
353375308
353375312
353379332
353379336
353379340
353379344
353379348
353379352
353379356
353379360
353379364
353379368
353379372
353379376
353379380
353379384
353379388
353379392
353379396
353379400
353379404
353379408
353379412
353379416
353379420
353379424
353379428
353379432
353379436
353379440
353379444
353379448
353379452
353379456
353383428
353383432
353383436
353383440
353383444
353383448
353383452
353383456
353383460
353383464
353383468
353383472
353383476
353383480
353383484
353383488
353383492
353383496
353383500
353383504
353383508
353383512
353383516
353383520
353387524
353387528
353387532
353387536
353387540
353387544
353387548
353387552
353387556
353387560
353387564
353387568
353387572
353387576
353387580
353387584
353387588
353387592
353387596
353387600
353387604
353387608
353387612
353387616
353387620
353387624
353387628
353387632
353387636
353387640
353387644
353387648
353637380
353637384
353637388
353637392
353637396
353637400
353637404
353637408
353637412
353637416
353637420
353637424
353637428
353637432
353637436
353637440
353637444
353637448
353637452
353637456
353641476
353641480
353641484
353641488
353641492
353641496
353641500
353641504
353641508
353641512
353641516
353641520
353641524
353641528
353641532
353641536
353641540
353641544
353641548
353641552
353641556
353641560
353641564
353641568
353641572
353641576
353641580
353641584
353641588
353641592
353641596
353641600
353645572
353645576
353645580
353645584
353645588
353645592
353645596
353645600
353645604
353645608
353645612
353645616
353645620
353645624
353645628
353645632
353645636
353645640
353645644
353645648
353645652
353645656
353645660
353645664
353649668
353649672
353649676
353649680
353649684
353649688
353649692
353649696
353649700
353649704
353649708
353649712
353649716
353649720
353649724
353649728
353649732
353649736
353649740
353649744
353649748
353649752
353649756
353649760
353649764
353649768
353649772
353649776
353649780
353649784
353649788
353649792
353899524
353899528
353899532
353899536
353899540
353899544
353899548
353899552
353899556
353899560
353899564
353899568
353899572
353899576
353899580
353899584
353899588
353899592
353899596
353899600
353903620
353903624
353903628
353903632
353903636
353903640
353903644
353903648
353903652
353903656
353903660
353903664
353903668
353903672
353903676
353903680
353903684
353903688
353903692
353903696
353903700
353903704
353903708
353903712
353903716
353903720
353903724
353903728
353903732
353903736
353903740
353903744
353907716
353907720
353907724
353907728
353907732
353907736
353907740
353907744
353907748
353907752
353907756
353907760
353907764
353907768
353907772
353907776
353907780
353907784
353907788
353907792
353907796
353907800
353907804
353907808
353911812
353911816
353911820
353911824
353911828
353911832
353911836
353911840
353911844
353911848
353911852
353911856
353911860
353911864
353911868
353911872
353911876
353911880
353911884
353911888
353911892
353911896
353911900
353911904
353911908
353911912
353911916
353911920
353911924
353911928
353911932
353911936
354161668
354161672
354161676
354161680
354161684
354161688
354161692
354161696
354161700
354161704
354161708
354161712
354161716
354161720
354161724
354161728
354161732
354161736
354161740
354161744
354165764
354165768
354165772
354165776
354165780
354165784
354165788
354165792
354165796
354165800
354165804
354165808
354165812
354165816
354165820
354165824
354165828
354165832
354165836
354165840
354165844
354165848
354165852
354165856
354165860
354165864
354165868
354165872
354165876
354165880
354165884
354165888
354169860
354169864
354169868
354169872
354169876
354169880
354169884
354169888
354169892
354169896
354169900
354169904
354169908
354169912
354169916
354169920
354169924
354169928
354169932
354169936
354169940
354169944
354169948
354169952
354173956
354173960
354173964
354173968
354173972
354173976
354173980
354173984
354173988
354173992
354173996
354174000
354174004
354174008
354174012
354174016
354174020
354174024
354174028
354174032
354174036
354174040
354174044
354174048
354174052
354174056
354174060
354174064
354174068
354174072
354174076
354174080
354423812
354423816
354423820
354423824
354423828
354423832
354423836
354423840
354423844
354423848
354423852
354423856
354423860
354423864
354423868
354423872
354423876
354423880
354423884
354423888
354427908
354427912
354427916
354427920
354427924
354427928
354427932
354427936
354427940
354427944
354427948
354427952
354427956
354427960
354427964
354427968
354427972
354427976
354427980
354427984
354427988
354427992
354427996
354428000
354428004
354428008
354428012
354428016
354428020
354428024
354428028
354428032
354432004
354432008
354432012
354432016
354432020
354432024
354432028
354432032
354432036
354432040
354432044
354432048
354432052
354432056
354432060
354432064
354432068
354432072
354432076
354432080
354432084
354432088
354432092
354432096
354436100
354436104
354436108
354436112
354436116
354436120
354436124
354436128
354436132
354436136
354436140
354436144
354436148
354436152
354436156
354436160
354436164
354436168
354436172
354436176
354436180
354436184
354436188
354436192
354436196
354436200
354436204
354436208
354436212
354436216
354436220
354436224
354685956
354685960
354685964
354685968
354685972
354685976
354685980
354685984
354685988
354685992
354685996
354686000
354686004
354686008
354686012
354686016
354686020
354686024
354686028
354686032
354690052
354690056
354690060
354690064
354690068
354690072
354690076
354690080
354690084
354690088
354690092
354690096
354690100
354690104
354690108
354690112
354690116
354690120
354690124
354690128
354690132
354690136
354690140
354690144
354690148
354690152
354690156
354690160
354694148
354694152
354694156
354694160
354694164
354694168
354694172
354694176
354694180
354694184
354694188
354694192
354694196
354694200
354694204
354694208
354694212
354694216
354694220
354694224
354694228
354694232
354694236
354694240
354694244
354694248
354694252
354694256
354694260
354694264
354694268
354694272
354694276
354694280
354694284
354694288
354698244
354698248
354698252
354698256
354698260
354698264
354698268
354698272
354698276
354698280
354698284
354698288
354698292
354698296
354698300
354698304
354698308
354698312
354698316
354698320
354698324
354698328
354698332
354698336
354698340
354698344
354698348
354698352
354698356
354698360
354698364
354698368
354698372
354698376
354698380
354698384
354698388
354698392
354698396
354698400
354698404
354698408
354698412
354698416
354702340
354702344
354702348
354702352
354702356
354702360
354702364
354702368
354702372
354702376
354702380
354702384
354702388
354702392
354702396
354702400
354702404
354702408
354702412
354702416
354702420
354702424
354702428
354702432
354702436
354702440
354702444
354702448
354702452
354702456
354702460
354702464
354702468
354702472
354702476
354702480
354702484
354702488
354702492
354702496
354702500
354702504
354702508
354702512
354702516
354702520
354702524
354702528
354948100
354948104
354948108
354948112
354948116
354948120
354948124
354948128
354948132
354948136
354948140
354948144
354948148
354948152
354948156
354948160
354948164
354948168
354948172
354948176
354952196
354952200
354952204
354952208
354952212
354952216
354952220
354952224
354952228
354952232
354952236
354952240
354952244
354952248
354952252
354952256
354952260
354952264
354952268
354952272
354952276
354952280
354952284
354952288
354952292
354952296
354952300
354952304
354956292
354956296
354956300
354956304
354956308
354956312
354956316
354956320
354956324
354956328
354956332
354956336
354956340
354956344
354956348
354956352
354956356
354956360
354956364
354956368
354956372
354956376
354956380
354956384
354956388
354956392
354956396
354956400
354956404
354956408
354956412
354956416
354956420
354956424
354956428
354956432
354960388
354960392
354960396
354960400
354960404
354960408
354960412
354960416
354960420
354960424
354960428
354960432
354960436
354960440
354960444
354960448
354960452
354960456
354960460
354960464
354960468
354960472
354960476
354960480
354960484
354960488
354960492
354960496
354960500
354960504
354960508
354960512
354960516
354960520
354960524
354960528
354960532
354960536
354960540
354960544
354960548
354960552
354960556
354960560
354964484
354964488
354964492
354964496
354964500
354964504
354964508
354964512
354964516
354964520
354964524
354964528
354964532
354964536
354964540
354964544
354964548
354964552
354964556
354964560
354964564
354964568
354964572
354964576
354964580
354964584
354964588
354964592
354964596
354964600
354964604
354964608
354964612
354964616
354964620
354964624
354964628
354964632
354964636
354964640
354964644
354964648
354964652
354964656
354964660
354964664
354964668
354964672
355210244
355210248
355210252
355210256
355210260
355210264
355210268
355210272
355210276
355210280
355210284
355210288
355210292
355210296
355210300
355210304
355210308
355210312
355210316
355210320
355214340
355214344
355214348
355214352
355214356
355214360
355214364
355214368
355214372
355214376
355214380
355214384
355214388
355214392
355214396
355214400
355214404
355214408
355214412
355214416
355214420
355214424
355214428
355214432
355214436
355214440
355214444
355214448
355218436
355218440
355218444
355218448
355218452
355218456
355218460
355218464
355218468
355218472
355218476
355218480
355218484
355218488
355218492
355218496
355218500
355218504
355218508
355218512
355218516
355218520
355218524
355218528
355218532
355218536
355218540
355218544
355218548
355218552
355218556
355218560
355218564
355218568
355218572
355218576
355222532
355222536
355222540
355222544
355222548
355222552
355222556
355222560
355222564
355222568
355222572
355222576
355222580
355222584
355222588
355222592
355222596
355222600
355222604
355222608
355222612
355222616
355222620
355222624
355222628
355222632
355222636
355222640
355222644
355222648
355222652
355222656
355222660
355222664
355222668
355222672
355222676
355222680
355222684
355222688
355222692
355222696
355222700
355222704
355226628
355226632
355226636
355226640
355226644
355226648
355226652
355226656
355226660
355226664
355226668
355226672
355226676
355226680
355226684
355226688
355226692
355226696
355226700
355226704
355226708
355226712
355226716
355226720
355226724
355226728
355226732
355226736
355226740
355226744
355226748
355226752
355226756
355226760
355226764
355226768
355226772
355226776
355226780
355226784
355226788
355226792
355226796
355226800
355226804
355226808
355226812
355226816
355472388
355472392
355472396
355472400
355472404
355472408
355472412
355472416
355472420
355472424
355472428
355472432
355472436
355472440
355472444
355472448
355472452
355472456
355472460
355472464
355476484
355476488
355476492
355476496
355476500
355476504
355476508
355476512
355476516
355476520
355476524
355476528
355476532
355476536
355476540
355476544
355476548
355476552
355476556
355476560
355476564
355476568
355476572
355476576
355476580
355476584
355476588
355476592
355480580
355480584
355480588
355480592
355480596
355480600
355480604
355480608
355480612
355480616
355480620
355480624
355480628
355480632
355480636
355480640
355480644
355480648
355480652
355480656
355480660
355480664
355480668
355480672
355480676
355480680
355480684
355480688
355480692
355480696
355480700
355480704
355480708
355480712
355480716
355480720
355484676
355484680
355484684
355484688
355484692
355484696
355484700
355484704
355484708
355484712
355484716
355484720
355484724
355484728
355484732
355484736
355484740
355484744
355484748
355484752
355484756
355484760
355484764
355484768
355484772
355484776
355484780
355484784
355484788
355484792
355484796
355484800
355484804
355484808
355484812
355484816
355484820
355484824
355484828
355484832
355484836
355484840
355484844
355484848
355488772
355488776
355488780
355488784
355488788
355488792
355488796
355488800
355488804
355488808
355488812
355488816
355488820
355488824
355488828
355488832
355488836
355488840
355488844
355488848
355488852
355488856
355488860
355488864
355488868
355488872
355488876
355488880
355488884
355488888
355488892
355488896
355488900
355488904
355488908
355488912
355488916
355488920
355488924
355488928
355488932
355488936
355488940
355488944
355488948
355488952
355488956
355488960
